+8801289293212
+8801103217563
+8801350064840
+8801136051194
+8801858697784
+8801201709024
+8801438775303
+8801797194085
+8801793987558
+8801163803734
+8801965272176
+8801514422067
+8801986722747
+8801300101909
+8801997188101
+8801348679760
+8801338985967
+8801806365024
+8801682070780
+8801500941853
+8801318228115
+8801531979323
+8801262069493
+8801123268071
+8801781838301
+8801170438850
+8801339371514
+8801161953067
+8801932067056
+8801431133376
+8801660661897
+8801546500343
+8801446394485
+8801605664985
+8801595884261
+8801887649453
+8801976629799
+8801679645479
+8801880164943
+8801304412489
+8801478630400
+8801879425395
+8801656489856
+8801609220711
+8801327547001
+8801737889038
+8801811414784
+8801375325887
+8801248326236
+8801838789341
+8801130397152
+8801269755598
+8801116318556
+8801665641191
+8801935393073
+8801987437996
+8801990346568
+8801186714005
+8801270358434
+8801910612088
+8801314970757
+8801468802902
+8801831181878
+8801351045910
+8801229612261
+8801878613746
+8801329497606
+8801765303608
+8801243347976
+8801156235236
+8801368223280
+8801497433176
+8801988950763
+8801239708931
+8801959726339
+8801389780241
+8801374139222
+8801193215261
+8801715371049
+8801845917645
+8801941824185
+8801925092147
+8801710760185
+8801463744580
+8801641301498
+8801705701207
+8801690707662
+8801621359990
+8801781830145
+8801552044858
+8801289216970
+8801863167171
+8801600501430
+8801232249416
+8801560990132
+8801699143952
+8801305981415
+8801305283109
+8801787406831
+8801188505525
